676
744
763
1065
1559
1595
1641
2016
2069
2076
2478
3086
3172
3413
3752
3871
4417
4426
4567
4879
4896
5154
5337
5353
5436
5730
6179
6523
6672
6853
6993
7068
7083
7574
7869
8087
8183
8628
8777
8813
8814
8818
8867
8884
8989
9217
9467
9618
9861
10041
10300
10578
10645
10800
10975
11318
11380
11457
11734
11755
12062
12355
12357
12360
12381
12451
12452
12673
12737
12795
12810
13114
13176
13221
13234
13667
13813
13920
14100
14112
14206
14292
14318
14540
14843
15159
15436
15471
15824
15861
16187
16496
16570
17316
17336
17398
17406
17609
17637
17757
17805
17833
17917
18201
18458
18485
18550
18567
18677
19697
19730
19843
19871
19992
20155
20405
20483
20597
20837
20842
21008
21228
21340
21368
21391
21541
21717
21808
21828
21896
22056
22396
22456
22496
22648
22677
22730
22792
22961
23069
23398
23630
23820
23917
24187
24249
24270
24378
24549
24785
24813
25047
25273
25364
25542
25794
25853
25865
25920
26004
26142
26246
26386
26569
26662
27006
27034
27220
27253
27298
27461
27559
27585
27821
27844
27919
28032
28127
28256
28288
28309
28543
28645
28664
28837
28966
29079
29353
29361
29578
29582
29734
29987
30049
30204
30251
30270
30346
30365
30794
30810
31339
31512
31601
31605
32161
32263
32276
32521
32672
32682
32932
33073
33078
33260
33362
33492
33769
33888
33956
34000
34354
34389
34601
34677
34943
35132
35169
35253
35453
35806
35946
36044
36087
36274
36744
36856
37173
37340
37397
37633
37718
38038
39318
39644
39681
39750
39840
40411
40587
40728
40921
40959
41195
41586
42195
42283
42396
42416
42449
42680
42687
42709
42792
42794
42984
42990
43113
43286
43689
43939
44000
44120
44254
44343
44572
44689
44952
45106
45204
45425
45557
45728
45809
46259
46376
46518
46600
46643
46720
46819
47772
48182
48219
48265
48318
48635
48786
49441
49451
49500
49528
49700
49958
50050
50193
50229
50230
50440
50655
50924
51027
51087
51089
51290
51690
51837
52268
52317
52575
52789
53075
53099
53584
53754
53905
54304
54380
54522
54711
54717
55117
55520
55538
56043
56173
56310
56391
56463
57110
57189
57207
57225
57458
57762
57827
58013
59015
59019
59133
59564
59591
59620
59815
59944
60529
60553
60634
60775
60892
60982
61007
61087
61123
61165
61391
61738
61747
62126
62238
62756
62889
62924
63404
63962
64036
64188
64757
64903
65172
65268
65728
66039
66446
67087
67245
67250
67258
67710
67785
68063
68301
68482
68536
68713
69204
69450
69478
70352
70414
70827
70850
71124
71309
71455
71568
71633
71681
71730
71878
71993
72143
72379
72395
73045
73106
73326
73485
74166
74437
74555
74594
74716
74867
74911
74947
75093
75228
75465
75894
76034
76043
76064
76099
76316
76715
76818
76834
76996
77213
77275
77279
77385
77397
77523
77616
77715
77835
77922
78028
78147
78164
78255
78289
78399
78579
78729
79269
79579
79639
79749
79758
79927
80088
80338
80518
80570
80818
80879
81019
81129
81443
81582
81601
81829
82021
82111
82143
82262
82418
82744
82825
82951
83637
83754
83884
84120
84121
84347
84621
84852
84998
85007
85409
85432
85466
85493
85529
85559
85566
85664
85768
85964
85997
86147
86297
86402
86474
86660
86704
86802
86803
87313
87536
87560
87660
88360
88438
88516
88588
89063
89363
89652
89659
89683
89818
89905
90142
90216
90287
90314
90604
90834
90978
91506
91588
91683
91753
91887
91914
92132
92318
92501
92523
92563
92653
92660
92696
92722
92792
92880
92901
92950
93212
93247
93387
93451
93509
93529
93568
93709
93818
93864
94080
94351
94483
94524
94872
94998
95051
95206
95472
95553
95647
96103
96449
96529
96857
96969
97055
97123
97337
97492
97720
97724
97798
98025
98100
98183
98231
98374
98603
98923
99155
99742
100019
100127
100424
101094
101441
101444
101628
101766
101949
102063
102153
102156
102200
102286
102499
102646
102894
103405
103803
104183
104393
104519
104648
104801
104860
104978
105174
105228
105518
105539
105690
105935
106641
106745
106966
106971
107010
107212
107264
107741
108315
108727
108764
108792
108829
108921
109005
109075
109080
109145
109590
109656
109783
110048
110191
110262
110613
110649
110674
110756
110775
110821
110840
111146
111600
111675
111767
111803
112049
112083
112089
112262
112356
112363
112388
112600
112775
112885
113007
113277
113520
113602
113768
113977
114056
114490
114606
114631
114737
115070
115373
115462
115862
116358
116402
116559
117897
