Aql 8 97724 97337 97337 96969 97337 95206 95206 97492 99155 97492 95206 93451 93451 92950 95206 93509
And 5 676 3086 3086 5436 9618 5436 5436 4426 4426 3871
Scl 3 115862 4567 4567 114737 114737 115862
Ara 7 88438 85529 85529 82825 82825 82111 82111 85466 85466 85007 85007 84998 84998 88438
Lib 5 77616 76099 76099 74555 74555 72395 72395 73485 73485 76099
Cet 20 10300 11457 8087 3413 3413 1559 3413 5353 5353 6523 6523 8628 8628 11318 11318 12357 12357 12737 12737 11755 11755 8087 10800 12357 10800 12355 12355 12673 12673 14100 14100 13920 13920 12795 12795 11457 11457 12062 12062 12673
Ari 3 13176 9861 9861 8884 8884 8813
Sct 5 91887 91914 91914 92523 92523 90314 90314 90834 90834 91887
Pyx 2 42396 42709 42709 43286
Boo 9 71568 69450 69450 71878 71878 74437 74437 73326 73326 70850 70850 70827 70827 69450 69450 67710 67710 67245
Cae 2 21008 21717 21717 21808
Cha 2 40587 51690 51690 59815
Cnc 5 42984 42687 42687 40728 42687 42792 42792 40411 42792 43939
Cap 9 99742 100019 100019 103803 103803 105174 105174 106641 106641 107212 105174 105539 105539 103803 100019 102153 103803 102646
Car 14 45106 49958 49958 52268 52268 52317 52317 54304 54304 53099 53099 51087 51087 50229 50229 45425 42449 40921 40921 30365 44952 45425 44952 42449 30365 31605 40921 39318
Cas 4 8867 6672 6672 4417 4417 3172 3172 744
Cen 16 71455 68482 68482 66446 66446 67785 67785 68063 68063 67258 67258 67250 67250 65728 65728 64903 67250 68713 67258 71124 71124 73106 67785 61738 61738 60634 60634 59015 59015 56310 56310 56391
Cep 6 109145 112363 112363 105690 105690 104860 104860 109145 112363 116358 116358 105690
Com 2 64036 64188 64188 60553
CVn 1 61123 62924
Aur 6 28309 28288 28288 24549 24549 23398 23398 22961 25364 22961 25364 28309
Col 6 30204 29734 29734 28127 28127 27559 27559 28256 27559 26569 26569 25794
Cir 2 71681 75093 71681 74594
Crt 9 53584 54522 54522 55538 55538 55117 55117 53584 55117 55520 55520 56463 56463 58013 58013 57110 57110 55538
CrA 9 91588 92696 92696 92880 92880 93529 93529 93818 93818 93864 93864 93709 93709 93247 93247 92660 91588 90604
CrB 6 75894 75465 75465 76034 76034 76715 76715 77275 77275 77922 77922 78255
Crv 6 60982 60775 60775 59620 59620 59133 59133 59019 59133 61165 61165 60775
Cru 2 60892 60529 62238 59564
Cyg 9 94483 95553 95553 96857 96857 100127 100127 101766 100127 102156 102156 104393 104393 106966 100127 97798 97798 95647
Del 5 101094 101441 101441 101628 101628 102200 102200 101949 101949 101441
Dor 5 27034 27821 27821 26004 26004 27034 26004 21228 21228 19843
Dra 15 87313 87560 87560 85409 85409 85566 85566 87313 87313 94080 94080 97123 97123 94351 94351 89659 89659 83637 83637 80088 80088 78289 78289 75228 75228 68536 68536 61087 61087 56043
Nor 5 79269 79758 79758 80338 80338 78399 78399 79758 78399 79269
Eri 27 7574 8989 8989 10578 10578 11380 11380 12381 12381 12452 12452 13813 13813 15471 15471 17757 17757 17833 17833 19992 19992 20483 20483 21340 21340 17609 17609 16570 16570 15436 15436 14112 14112 12810 12810 13667 13667 15159 15159 16496 16496 17336 17336 21391 21391 22056 22056 22648 22648 23820 23820 23917 23917 21541
Sge 4 96529 97055 97055 96449 97055 98025 98025 98603
For 1 13114 14843
Gem 16 31601 34000 34000 35453 35453 35253 35253 32276 35453 36856 36856 37633 36856 37718 36856 35946 35946 34601 34601 36744 34601 32932 34601 32161 32161 30810 32161 30270 30270 29582 29582 28664
Cam 5 16187 18458 18458 22730 16187 17917 17917 22730 17917 25047
CMa 17 33073 33956 33956 33260 33260 32263 32263 33888 33888 34354 34354 34943 34943 35806 33492 33769 33769 34354 33769 33078 33078 31512 31512 31339 31512 30251 31512 32263 33492 32672 30049 33492 33260 33073
UMa 19 67087 65172 65172 62756 62756 59591 59591 53905 53905 53754 53754 57827 57827 59591 57827 57225 57225 54380 54380 50230 54380 50655 53754 48265 48265 46720 46720 44343 46720 44000 48265 48182 48182 41586 41586 46600 46600 53905
Gru 9 113768 110649 110649 108921 108921 111767 111767 114056 114056 113768 111767 113277 111767 112262 108921 108764 108764 107741
Her 18 86147 87536 87536 84852 84852 84347 84347 84121 84121 81582 81582 80879 80879 79749 79749 77523 81582 81443 81443 80570 80570 79927 81443 82951 82951 85432 85432 84120 86704 87660 87660 88516 82951 84121 86704 85432
Hor 2 19697 12451 12451 14206
Hya 18 42680 42283 42283 42195 42195 42990 42990 43113 43113 42680 43113 43689 43689 45204 45204 46643 46643 46376 46376 46259 46259 48219 48219 49700 49700 50924 50924 52789 52789 56173 56173 57762 57762 63962 63962 64757
Hyi 4 2016 17637 17637 12360 12360 10975 10975 9217
Ind 3 104978 101444 101444 102894 102894 104978
Lac 6 109590 110756 110756 110674 110674 110262 110262 110191 110191 110821 110821 110674
Mon 6 29578 30794 30794 34677 34677 30346 30346 29079 34677 39750 39750 37340
Lep 14 28837 28032 28032 27220 27220 25920 25920 24249 25920 27585 27585 27006 27006 25542 25542 23630 25920 25542 24249 24785 24249 24270 23630 24249 24270 24187 24785 24813
Leo 10 57458 54717 54717 49528 49528 49441 49441 50440 50440 54711 54711 57458 50440 50193 50193 48318 48318 47772 54711 54717
Lup 13 77397 78729 78729 78147 78147 77397 78147 76064 76064 74911 74911 74947 74911 73045 76064 76316 76316 74166 74166 71633 74166 71309 71633 70352 71633 73045
Lyn 7 45728 45557 45557 44572 44572 44120 44120 40959 40959 36044 36044 33362 33362 29987
Lyr 5 90978 91683 91683 92132 92132 92901 92901 92501 92501 91683
Ant 1 51027 48786
Mic 2 104801 103405 103405 102499
Mus 4 62126 57189 57189 61007 61007 61391 61391 62126
Oct 3 106745 112049 112049 70414 70414 106745
Aps 2 72143 80818 80818 81601
Oph 7 85768 86474 83754 86474 85768 82744 82744 79639 79639 81129 81129 83754 83754 85493
Ori 23 26662 26246 26246 25865 29361 29353 29361 28645 28645 27844 29353 28966 28966 27844 29353 28543 28543 27919 27919 26662 26662 27298 27298 24378 24378 25865 25865 25273 25273 26142 26142 27919 25273 22396 22396 22496 22496 22677 22677 23069 22396 22456 22456 22792 28966 28543
Pav 13 100424 105518 105518 102063 102063 98923 98923 100424 98923 98183 98183 91506 91506 92722 92722 98923 92722 92318 92318 89818 89818 88588 88588 92318 88588 86660
Peg 14 1065 113602 113520 111803 111803 109005 113520 112388 112388 112083 112083 108829 108829 107010 113602 112089 112089 111675 111675 109080 109080 106971 676 113520 676 1065 113520 113602
Pic 2 32521 27461 27461 27253
Per 10 17406 18201 18201 18567 18567 18485 18485 17316 17316 15824 15824 14292 14292 13234 15824 14540 14540 14318 14318 13221
Equ 4 104183 104519 104519 105228 105228 104648 104648 104183
CMi 1 37173 36087
LMi 4 53075 51089 51089 49451 49451 46819 49451 53075
Vul 1 95472 98231
UMi 7 11734 85559 85559 81829 81829 76818 76818 79579 79579 74867 74867 72379 72379 76818
Phe 11 5337 5154 5154 2069 2069 5337 5154 7068 7068 8818 8818 5154 5154 6853 6853 2069 2069 2076 2076 763 763 2069
Psc 19 4879 5730 4879 6179 6179 5730 5730 7083 7083 8183 8183 9467 9467 8814 8814 7869 7869 6993 6993 4896 4896 3752 3752 1641 1641 117897 117897 116402 116402 116559 116559 115373 115373 114606 114606 115462 115462 116402
PsA 6 113007 111600 111600 108315 108315 107264 107264 109075 109075 110840 110840 112885
Vol 7 37397 34389 34389 39681 39681 37397 39681 35132 39681 41195 41195 44254 44254 39681
Pup 7 39644 38038 38038 35169 35169 31605 31605 32682 32682 36274 36274 39318 39318 39644
Ret 4 19730 19871 19871 18550 18550 17398 17398 19730
Sgr 24 89652 90216 89363 89905 89905 88360 88360 86802 88360 89652 89652 89905 89905 93212 93212 91753 91753 89652 91753 90216 90216 89063 93212 93568 93568 92563 92563 91753 92563 92792 92792 93387 93387 94524 94524 94872 93568 96103 96103 98374 98374 98100 98100 97720 97720 95051 97720 94998
Sco 12 85664 86402 86402 86803 86803 85964 85964 83884 83884 82418 82418 82262 82262 82143 82143 81019 81019 80518 80518 78164 80518 78028 80518 78579
Ser 11 77279 77385 77385 76834 76834 76043 76043 76996 76996 77835 77835 77213 77213 76996 92653 89683 89683 86297 86297 85997 85997 84621
Sex 1 51290 49500
Men 1 25853 21896
Tau 12 25364 21828 21828 20837 21368 26386 20155 20405 20155 18677 18677 15861 21368 20837 21368 20842 20842 20155 20837 20597 20597 20405 20405 17805
Tel 1 90287 90142
Tuc 3 109783 114631 114631 1595 114631 2478
Tri 3 10645 10041 10041 8777 8777 10645
TrA 3 82021 74716 74716 77715 77715 82021
Aqr 14 105935 108727 108727 110048 110048 110613 110613 111146 111146 112600 112600 114490 114490 115070 108727 109656 109656 108792 109656 110775 110775 112356 112356 112775 112775 113977 102286 105935
Vir 12 57207 59944 59944 61747 61747 65268 65268 69204 69204 69478 69478 71730 65268 66039 66039 68301 68301 71993 66039 62889 62889 63404 62889 61747
Vel 10 39840 42416 42416 42794 42794 45809 45809 48635 48635 52575 52575 51837 51837 50050 50050 46518 46518 44689 44689 39840
